a <- 10

A <- "APPLE"

a.1 <- 13

a_1 <- 15

